ell	D_ell_TT
2.0	225.895
3.0	936.92
4.0	692.238
5.0	1501.705
6.0	557.611
7.0	1152.643
8.0	615.846
9.0	697.821
10.0	803.658
11.0	869.58
12.0	764.074
13.0	599.003
14.0	808.139
15.0	1022.111
16.0	621.292
17.0	1035.378
18.0	674.593
19.0	951.642
20.0	659.863
21.0	601.924
22.0	605.295
23.0	748.519
24.0	850.496
25.0	814.268
26.0	823.803
27.0	1004.022
28.0	1149.889
29.0	979.567
30.0	1102.80565
31.0	764.235896
32.0	1543.85108
33.0	1077.26738
34.0	979.159409
35.0	739.911555
36.0	1122.51626
37.0	1523.72049
38.0	1285.91266
39.0	1243.83149
40.0	1715.07099
41.0	1427.08779
42.0	1391.08758
43.0	1235.15157
44.0	1399.71962
45.0	1050.22476
46.0	1148.97828
47.0	1939.3329
48.0	984.32799
49.0	1720.0661
50.0	1707.30702
51.0	1039.42852
52.0	1603.6105
53.0	1118.55429
54.0	1173.86271
55.0	1609.06096
56.0	1523.29448
57.0	1715.71938
58.0	1742.61858
59.0	1467.14325
60.0	1790.4516
61.0	1359.15415
62.0	2165.2271
63.0	1742.10583
64.0	1242.4852
65.0	1853.0615
66.0	1626.61637
67.0	1659.98919
68.0	1766.42864
69.0	2277.66406
70.0	1860.80088
71.0	1783.70715
72.0	1511.90025
73.0	2701.12709
74.0	2013.69273
75.0	1879.90931
76.0	1875.45523
77.0	1919.45593
78.0	1664.60733
79.0	1496.46853
80.0	2318.10662
81.0	2045.53573
82.0	2821.4292
83.0	2135.83446
84.0	1542.66778
85.0	2268.6746
86.0	2525.92485
87.0	2180.32949
88.0	1774.61013
89.0	2930.03972
90.0	2255.50107
91.0	2414.51603
92.0	2582.01377
93.0	2814.58993
94.0	2153.76783
95.0	2158.69964
96.0	2367.99928
97.0	2663.32976
98.0	2222.54729
99.0	3013.83617
100.0	2919.08745
101.0	2782.38348
102.0	2896.76227
103.0	2626.14993
104.0	3029.25427
105.0	2267.54847
106.0	2792.25466
107.0	3323.76585
108.0	3927.24232
109.0	3033.82038
110.0	3429.38387
111.0	2910.10496
112.0	3039.35904
113.0	2337.90275
114.0	2209.15272
115.0	3343.44611
116.0	4337.15308
117.0	4457.74454
118.0	3457.02104
119.0	3135.9129
120.0	2669.67726
121.0	4125.21641
122.0	3450.49755
123.0	4116.21935
124.0	2948.81885
125.0	3271.639
126.0	3324.06505
127.0	3716.67835
128.0	3804.63957
129.0	2897.9602
130.0	4032.31034
131.0	3245.23913
132.0	2891.49353
133.0	3885.60051
134.0	3560.18902
135.0	4312.22189
136.0	4669.22603
137.0	4062.89976
138.0	3946.39273
139.0	4219.05142
140.0	3815.06138
141.0	4204.90825
142.0	4515.26536
143.0	4754.61564
144.0	3902.32418
145.0	4271.07492
146.0	4241.71328
147.0	4697.06435
148.0	3741.89378
149.0	3383.04414
150.0	4547.83776
151.0	4223.68455
152.0	4566.11761
153.0	4566.77496
154.0	3939.42599
155.0	5325.15156
156.0	4314.59342
157.0	4626.32873
158.0	5524.17122
159.0	4670.96912
160.0	5308.57073
161.0	4692.45703
162.0	4615.96839
163.0	4339.31266
164.0	4708.25249
165.0	4778.19802
166.0	5364.62263
167.0	5616.59426
168.0	5502.45544
169.0	4514.09669
170.0	4220.91923
171.0	4604.65923
172.0	5206.59664
173.0	5136.67061
174.0	4894.27361
175.0	5076.1802
176.0	5069.03673
177.0	4661.52742
178.0	4525.06263
179.0	6345.69516
180.0	5197.70944
181.0	3909.81996
182.0	4351.46614
183.0	4643.01895
184.0	5545.49866
185.0	6396.22412
186.0	5769.26048
187.0	5157.53951
188.0	6336.46067
189.0	6286.04526
190.0	5955.38562
191.0	5394.03967
192.0	6344.73772
193.0	5896.6494
194.0	5505.00632
195.0	4030.55156
196.0	5565.00753
197.0	5594.38968
198.0	5633.5474
199.0	5311.56809
200.0	5238.38076
201.0	4881.84835
202.0	6138.44518
203.0	5670.94312
204.0	5331.8768
205.0	6151.69986
206.0	5334.49284
207.0	5044.16844
208.0	5719.21608
209.0	4626.96958
210.0	5424.5295
211.0	5517.08988
212.0	5880.24579
213.0	5881.85406
214.0	5256.76876
215.0	6647.2958
216.0	5806.27699
217.0	5602.93537
218.0	6273.61975
219.0	5675.14634
220.0	6373.42096
221.0	5887.18514
222.0	5767.12669
223.0	5559.31808
224.0	6111.00352
225.0	5114.46349
226.0	5939.99591
227.0	6153.2805
228.0	4740.09279
229.0	5350.55601
230.0	5652.12921
231.0	5768.51432
232.0	6651.84383
233.0	6413.82301
234.0	4514.86726
235.0	6009.30018
236.0	6089.28179
237.0	5555.74256
238.0	5937.97206
239.0	5480.44035
240.0	6068.25199
241.0	5835.71997
242.0	5414.1555
243.0	5696.73876
244.0	5188.59656
245.0	5844.81918
246.0	5748.01553
247.0	5625.47522
248.0	6016.08565
249.0	4457.66955
250.0	5089.0009
251.0	5269.95317
252.0	5717.75582
253.0	4865.30546
254.0	4412.53015
255.0	5519.92593
256.0	6086.25812
257.0	5269.32855
258.0	5424.15464
259.0	4562.46907
260.0	5696.69305
261.0	5223.34736
262.0	5518.67427
263.0	6107.40606
264.0	4829.2842
265.0	4149.71953
266.0	5580.42492
267.0	5070.75541
268.0	5557.24723
269.0	4786.1833
270.0	4254.95805
271.0	5563.25253
272.0	5846.05478
273.0	4865.25037
274.0	5336.64475
275.0	4635.3016
276.0	3997.33187
277.0	5572.53122
278.0	4981.93632
279.0	5092.25684
280.0	4343.63711
281.0	4699.9279
282.0	5000.44551
283.0	5500.61764
284.0	4444.54429
285.0	3732.57584
286.0	4604.39113
287.0	4445.65095
288.0	4175.64857
289.0	4940.82028
290.0	4571.90745
291.0	3520.57695
292.0	4685.13605
293.0	4497.25303
294.0	4109.20669
295.0	4491.17517
296.0	4716.76644
297.0	3808.92183
298.0	4040.43838
299.0	3972.4318
300.0	4548.37242
301.0	3860.90373
302.0	4057.36235
303.0	3231.77184
304.0	3903.71114
305.0	4207.52406
306.0	3617.65988
307.0	3458.40002
308.0	4200.89864
309.0	3843.54001
310.0	3630.76979
311.0	3821.22782
312.0	3467.93652
313.0	3686.50999
314.0	3052.8968
315.0	3733.19489
316.0	3967.5453
317.0	3046.88024
318.0	3140.04526
319.0	3712.61812
320.0	3707.05897
321.0	3089.8386
322.0	3664.72037
323.0	3293.24602
324.0	3120.10628
325.0	3368.5046
326.0	3681.3036
327.0	2951.13658
328.0	3406.40543
329.0	3410.88839
330.0	2998.25385
331.0	3121.22557
332.0	2958.80104
333.0	2712.53191
334.0	2787.07666
335.0	2787.27007
336.0	3050.98763
337.0	2762.00082
338.0	2952.13007
339.0	2726.86299
340.0	2839.96536
341.0	2807.38159
342.0	2871.11187
343.0	2485.55261
344.0	2631.73162
345.0	2361.34905
346.0	2518.25614
347.0	2346.8393
348.0	2467.30326
349.0	2407.92156
350.0	2408.15751
351.0	2851.61008
352.0	2362.27377
353.0	2789.42702
354.0	2664.29783
355.0	2319.66339
356.0	2094.74693
357.0	2353.40879
358.0	2279.89392
359.0	2069.29854
360.0	2320.21104
361.0	2450.16594
362.0	2227.72597
363.0	2152.10341
364.0	2708.00174
365.0	1951.02224
366.0	1838.46291
367.0	2120.48085
368.0	2010.82559
369.0	2232.04619
370.0	1977.26432
371.0	2222.59429
372.0	1969.11982
373.0	2134.85635
374.0	1976.26405
375.0	2120.62383
376.0	1992.39641
377.0	1782.39655
378.0	2197.81218
379.0	2462.9846
380.0	1777.62617
381.0	1884.33569
382.0	1603.6457
383.0	1980.29009
384.0	2011.43962
385.0	1610.90204
386.0	1703.90106
387.0	2002.2338
388.0	1801.98757
389.0	1670.79125
390.0	1907.23652
391.0	1718.82609
392.0	1944.65279
393.0	1761.75274
394.0	1892.11225
395.0	1674.00847
396.0	1739.88345
397.0	1778.42023
398.0	1662.82057
399.0	1856.24137
400.0	1754.08525
401.0	1802.00671
402.0	1904.18979
403.0	1519.44533
404.0	1590.23034
405.0	1742.72434
406.0	1867.0121
407.0	1805.36658
408.0	1739.87721
409.0	1694.95335
410.0	1748.53818
411.0	1663.59602
412.0	1629.65474
413.0	1800.00838
414.0	1710.92069
415.0	1986.7619
416.0	1723.82646
417.0	1395.98055
418.0	1706.79798
419.0	1807.00199
420.0	1837.69535
421.0	1643.41834
422.0	1653.45921
423.0	1825.49943
424.0	1804.77922
425.0	1504.91122
426.0	1625.46747
427.0	1746.91713
428.0	1799.98113
429.0	1954.89738
430.0	1895.97863
431.0	1663.23616
432.0	1955.19985
433.0	1634.77322
434.0	1945.85701
435.0	1847.65368
436.0	1547.12429
437.0	2052.06045
438.0	1851.90897
439.0	1501.34185
440.0	1728.39556
441.0	1837.67895
442.0	2044.07853
443.0	1905.0023
444.0	1856.37228
445.0	1778.83796
446.0	1718.19501
447.0	1725.59916
448.0	1786.90826
449.0	1890.54757
450.0	2018.83818
451.0	1832.1752
452.0	2172.13333
453.0	1907.83843
454.0	2014.06322
455.0	2137.52748
456.0	2252.15619
457.0	1971.13425
458.0	1981.33466
459.0	2165.17854
460.0	1950.6501
461.0	2189.50698
462.0	2318.24673
463.0	2213.08584
464.0	2119.79075
465.0	2485.22148
466.0	2166.68088
467.0	2252.11637
468.0	2333.57272
469.0	2134.24335
470.0	1989.63982
471.0	2336.0153
472.0	2138.94415
473.0	2251.54248
474.0	2018.42969
475.0	2196.05977
476.0	2300.20427
477.0	2277.47892
478.0	2191.27703
479.0	2478.98308
480.0	2317.15559
481.0	2440.51436
482.0	2178.71972
483.0	2553.0887
484.0	2200.8101
485.0	2073.56102
486.0	2500.10525
487.0	2244.99268
488.0	2453.66038
489.0	2054.4525
490.0	2445.81367
491.0	2463.98399
492.0	2516.23008
493.0	2648.63015
494.0	2646.52182
495.0	2306.33181
496.0	2071.12413
497.0	2221.23351
498.0	2388.25361
499.0	2533.14516
500.0	2557.85865
501.0	2666.71298
502.0	2434.79317
503.0	2390.78296
504.0	2763.49888
505.0	2655.33993
506.0	2389.75227
507.0	2472.95862
508.0	2433.72
509.0	2572.22948
510.0	2740.82127
511.0	2456.33268
512.0	2853.08318
513.0	2666.71034
514.0	2349.22449
515.0	2605.65369
516.0	2554.32819
517.0	2574.71552
518.0	2576.27467
519.0	2584.82327
520.0	2520.98506
521.0	2419.48143
522.0	2868.79796
523.0	2758.37588
524.0	2552.7503
525.0	2535.44087
526.0	2350.2049
527.0	2476.35068
528.0	2673.14032
529.0	2800.46811
530.0	2356.12337
531.0	2717.46272
532.0	2447.58647
533.0	2467.41196
534.0	2508.90328
535.0	2698.83039
536.0	2417.15185
537.0	2347.58039
538.0	2693.21519
539.0	2569.30096
540.0	2586.44648
541.0	2426.03373
542.0	2398.01782
543.0	2385.10961
544.0	2633.67108
545.0	2580.64656
546.0	2598.71301
547.0	2542.40932
548.0	2701.85576
549.0	2429.2499
550.0	2264.65271
551.0	2472.33249
552.0	2593.78713
553.0	2473.3913
554.0	2838.62729
555.0	2593.97662
556.0	2676.09449
557.0	2507.52151
558.0	2700.60787
559.0	2460.45417
560.0	2317.0999
561.0	2691.56459
562.0	2606.94894
563.0	2572.85211
564.0	2422.38453
565.0	2436.18189
566.0	2556.98461
567.0	2853.79922
568.0	2445.45798
569.0	2566.37471
570.0	2230.47105
571.0	2367.10594
572.0	2429.43455
573.0	2348.64976
574.0	2508.79943
575.0	2380.29924
576.0	2433.78983
577.0	2689.98534
578.0	2437.70104
579.0	2371.54257
580.0	2514.74174
581.0	2608.8869
582.0	2158.23169
583.0	2361.75221
584.0	2269.44813
585.0	2291.3188
586.0	2413.34501
587.0	2605.03864
588.0	2540.45136
589.0	2441.71623
590.0	2335.66938
591.0	2197.72748
592.0	2370.76814
593.0	2287.43194
594.0	2174.24211
595.0	2212.07197
596.0	2157.9157
597.0	2190.88629
598.0	2241.549
599.0	2201.91874
600.0	2230.11497
601.0	2442.5405
602.0	2230.98177
603.0	1968.25386
604.0	1954.13114
605.0	2146.30475
606.0	2318.06816
607.0	2280.88042
608.0	2235.56862
609.0	1929.40518
610.0	2196.77139
611.0	2080.70595
612.0	1960.16702
613.0	2220.7834
614.0	2271.19336
615.0	2421.08665
616.0	1941.84482
617.0	2124.29066
618.0	2012.58569
619.0	1881.17947
620.0	2196.18831
621.0	2175.71588
622.0	1866.86783
623.0	1862.66768
624.0	2047.8416
625.0	2052.90242
626.0	1907.02439
627.0	1996.86119
628.0	2028.69287
629.0	1844.10636
630.0	1972.2257
631.0	2030.29936
632.0	1854.09755
633.0	1784.65299
634.0	2109.45665
635.0	2020.0546
636.0	1722.77081
637.0	1964.28067
638.0	2028.86493
639.0	1933.40252
640.0	1922.82945
641.0	2066.79707
642.0	1907.64775
643.0	2017.41507
644.0	1646.91552
645.0	1660.76899
646.0	1813.22136
647.0	1815.5338
648.0	1906.433
649.0	1980.70532
650.0	1995.84837
651.0	1771.1505
652.0	1876.16826
653.0	1783.64457
654.0	1741.77332
655.0	1930.9389
656.0	1796.60944
657.0	1763.28484
658.0	1761.20262
659.0	1930.79245
660.0	1774.90572
661.0	1766.24984
662.0	1901.18763
663.0	2094.70467
664.0	1905.31888
665.0	1745.11547
666.0	1760.99191
667.0	1816.90155
668.0	1795.76698
669.0	1729.13239
670.0	1753.30384
671.0	1817.5706
672.0	1797.77122
673.0	1889.47945
674.0	1873.8861
675.0	1883.92544
676.0	1746.3044
677.0	1826.00277
678.0	1904.97653
679.0	1743.39732
680.0	1697.19065
681.0	1645.99892
682.0	1851.86947
683.0	1677.52463
684.0	1775.17319
685.0	1929.25002
686.0	1645.14282
687.0	1855.11076
688.0	1911.43259
689.0	1852.48632
690.0	1932.13803
691.0	1686.60373
692.0	1695.18901
693.0	1918.38426
694.0	1900.33218
695.0	1780.44303
696.0	2010.32021
697.0	1978.6511
698.0	1884.55715
699.0	1730.00993
700.0	1835.87426
701.0	1867.00295
702.0	1984.70412
703.0	1976.50572
704.0	1976.81227
705.0	1801.55002
706.0	1810.2166
707.0	1813.6806
708.0	1942.8154
709.0	1869.14561
710.0	1870.06777
711.0	1980.36307
712.0	1901.29306
713.0	1920.5018
714.0	1876.40958
715.0	1681.52156
716.0	2001.09452
717.0	2001.71579
718.0	1806.58227
719.0	2035.80067
720.0	1958.32914
721.0	1810.33962
722.0	1941.97584
723.0	2205.26033
724.0	2072.59272
725.0	2066.58343
726.0	1975.08134
727.0	1977.91685
728.0	1992.07342
729.0	1928.71313
730.0	1735.32064
731.0	2038.45105
732.0	2112.84182
733.0	2035.27829
734.0	2220.85712
735.0	1946.14531
736.0	2179.63967
737.0	2157.57531
738.0	2045.01123
739.0	1983.19589
740.0	1967.35965
741.0	2242.43535
742.0	2360.2319
743.0	2130.30703
744.0	2164.02228
745.0	2249.89676
746.0	2223.76666
747.0	2360.53936
748.0	2410.19547
749.0	2395.82539
750.0	2223.7478
751.0	2309.99437
752.0	2029.03146
753.0	2267.48892
754.0	2256.32752
755.0	2177.40383
756.0	2304.69601
757.0	2517.91808
758.0	2265.37361
759.0	2275.05951
760.0	2277.02097
761.0	2478.61467
762.0	2289.14207
763.0	2296.64563
764.0	2419.03176
765.0	2279.49845
766.0	2283.95078
767.0	2309.93535
768.0	2258.76301
769.0	2528.92546
770.0	2272.15973
771.0	2505.39638
772.0	2299.77431
773.0	2326.02526
774.0	2358.15354
775.0	2351.96953
776.0	2324.80814
777.0	2475.56801
778.0	2262.73496
779.0	2310.2152
780.0	2414.32605
781.0	2276.36741
782.0	2506.82979
783.0	2266.34791
784.0	2306.9583
785.0	2750.03218
786.0	2586.41603
787.0	2489.16278
788.0	2506.98103
789.0	2416.48582
790.0	2357.90901
791.0	2611.53407
792.0	2322.28555
793.0	2445.8747
794.0	2430.61442
795.0	2453.84382
796.0	2483.65155
797.0	2510.91372
798.0	2538.53177
799.0	2566.30495
800.0	2529.00418
801.0	2266.28011
802.0	2485.5942
803.0	2583.05344
804.0	2388.08246
805.0	2440.10757
806.0	2433.77534
807.0	2576.9292
808.0	2520.27833
809.0	2446.6831
810.0	2599.15433
811.0	2471.72452
812.0	2727.51336
813.0	2603.96533
814.0	2508.8269
815.0	2498.2177
816.0	2576.29357
817.0	2507.61524
818.0	2345.9759
819.0	2742.24524
820.0	2477.61237
821.0	2483.08733
822.0	2494.11957
823.0	2599.36245
824.0	2539.82056
825.0	2473.81338
826.0	2355.44442
827.0	2677.68077
828.0	2620.50146
829.0	2624.1584
830.0	2415.96753
831.0	2601.43037
832.0	2312.0784
833.0	2456.13809
834.0	2592.66584
835.0	2550.88864
836.0	2382.24815
837.0	2548.34298
838.0	2384.90035
839.0	2460.61279
840.0	2413.53254
841.0	2568.20533
842.0	2547.54461
843.0	2572.5185
844.0	2711.79696
845.0	2391.93233
846.0	2509.71594
847.0	2247.64777
848.0	2434.32156
849.0	2369.0749
850.0	2311.71114
851.0	2503.64233
852.0	2236.87491
853.0	2489.11257
854.0	2453.92848
855.0	2437.44313
856.0	2473.72026
857.0	2294.9025
858.0	2387.66793
859.0	2191.55825
860.0	2478.08398
861.0	2401.41803
862.0	2186.84444
863.0	2316.64539
864.0	2477.93573
865.0	2224.91878
866.0	2407.83481
867.0	2369.14796
868.0	2304.88236
869.0	2086.98702
870.0	2134.60942
871.0	2241.75521
872.0	2214.43193
873.0	2182.46751
874.0	2450.43087
875.0	2166.18972
876.0	2205.90745
877.0	2318.629
878.0	2061.01844
879.0	2094.53415
880.0	2146.06686
881.0	1985.36148
882.0	2112.97768
883.0	1941.02034
884.0	1995.63105
885.0	2222.51462
886.0	2132.68665
887.0	2148.63525
888.0	2083.8963
889.0	1981.18848
890.0	2098.47016
891.0	2080.48876
892.0	1980.67137
893.0	2093.99257
894.0	1998.54918
895.0	2099.63974
896.0	1836.16815
897.0	1899.34894
898.0	1825.42983
899.0	1749.52116
900.0	2060.6279
901.0	1833.54412
902.0	1861.54606
903.0	2149.776
904.0	1727.42078
905.0	1749.00096
906.0	1897.92394
907.0	1845.9423
908.0	1833.1413
909.0	1719.38548
910.0	1604.39353
911.0	1911.90601
912.0	1695.98135
913.0	1854.09135
914.0	1659.21107
915.0	1655.78762
916.0	1835.71003
917.0	1774.46439
918.0	1744.74539
919.0	1669.12796
920.0	1807.99084
921.0	1799.53527
922.0	1599.60515
923.0	1603.65967
924.0	1451.6385
925.0	1397.53617
926.0	1712.92162
927.0	1536.38915
928.0	1525.77882
929.0	1689.05573
930.0	1652.54111
931.0	1642.93292
932.0	1642.59316
933.0	1480.81904
934.0	1557.55813
935.0	1375.79766
936.0	1508.14661
937.0	1447.5514
938.0	1434.71767
939.0	1658.28066
940.0	1337.15787
941.0	1437.74295
942.0	1461.38956
943.0	1391.49007
944.0	1342.49493
945.0	1434.62577
946.0	1375.43805
947.0	1299.72976
948.0	1316.9605
949.0	1312.07274
950.0	1405.41617
951.0	1445.58529
952.0	1257.76536
953.0	1344.3974
954.0	1338.84836
955.0	1294.59586
956.0	1298.77904
957.0	1459.95945
958.0	1352.58994
959.0	1241.51764
960.0	1301.98494
961.0	1274.38303
962.0	1229.0883
963.0	1138.60832
964.0	1268.30657
965.0	1118.65392
966.0	1248.21985
967.0	1254.84364
968.0	1293.57405
969.0	1272.57419
970.0	1190.26002
971.0	1227.86589
972.0	1226.91501
973.0	1115.61973
974.0	1116.88249
975.0	1192.3919
976.0	1082.91674
977.0	1121.09888
978.0	1198.78897
979.0	1066.16389
980.0	1128.53157
981.0	1146.35555
982.0	1128.8065
983.0	1128.77109
984.0	1153.03309
985.0	1098.1921
986.0	1148.5355
987.0	1112.92892
988.0	1069.3314
989.0	1126.68422
990.0	975.289905
991.0	1088.73935
992.0	1213.14443
993.0	1155.01816
994.0	1121.55701
995.0	1035.66471
996.0	1012.29964
997.0	1092.78189
998.0	1030.02373
999.0	1049.73285
1000.0	971.174525
1001.0	1052.10965
1002.0	1014.32757
1003.0	1112.06048
1004.0	1019.71006
1005.0	1035.04841
1006.0	1002.22509
1007.0	1053.8307
1008.0	972.790061
1009.0	1100.09203
1010.0	1123.80778
1011.0	1076.14124
1012.0	952.168563
1013.0	1083.62226
1014.0	1135.40978
1015.0	1116.01655
1016.0	1059.78433
1017.0	1090.40197
1018.0	953.874082
1019.0	1166.2017
1020.0	981.332065
1021.0	1022.02665
1022.0	1044.34978
1023.0	1010.74681
1024.0	1077.99882
1025.0	984.484539
1026.0	1058.52804
1027.0	963.715082
1028.0	1059.96039
1029.0	1024.37
1030.0	1005.07403
1031.0	1007.92737
1032.0	1057.28303
1033.0	1071.36592
1034.0	1104.73248
1035.0	1084.77202
1036.0	1011.39937
1037.0	994.481007
1038.0	1103.58652
1039.0	1102.10034
1040.0	1085.02281
1041.0	1084.76609
1042.0	991.236613
1043.0	1001.2733
1044.0	1134.76802
1045.0	1017.10661
1046.0	1078.14251
1047.0	1068.13914
1048.0	1025.22663
1049.0	1173.36282
1050.0	1072.26636
1051.0	1074.93779
1052.0	1123.81429
1053.0	1110.39398
1054.0	1170.49933
1055.0	1049.02911
1056.0	1110.93708
1057.0	1064.8098
1058.0	1185.48629
1059.0	1255.89043
1060.0	1177.58282
1061.0	1087.42018
1062.0	1082.22795
1063.0	1070.4242
1064.0	1002.62939
1065.0	1154.46862
1066.0	1157.05873
1067.0	1160.27372
1068.0	1141.99638
1069.0	1184.07686
1070.0	1129.30909
1071.0	1120.77403
1072.0	1060.59009
1073.0	1152.06721
1074.0	1205.92908
1075.0	1164.70655
1076.0	1228.73269
1077.0	1143.11913
1078.0	1091.31094
1079.0	1231.06567
1080.0	1114.58553
1081.0	1127.1412
1082.0	1229.46054
1083.0	1249.80673
1084.0	1280.367
1085.0	1205.75815
1086.0	1250.65647
1087.0	1311.8606
1088.0	1049.68835
1089.0	1248.90202
1090.0	1273.06273
1091.0	1187.59021
1092.0	1251.496
1093.0	1282.96499
1094.0	1145.09457
1095.0	1252.19603
1096.0	1099.59128
1097.0	1203.24746
1098.0	1262.17468
1099.0	1118.36169
1100.0	1289.74023
1101.0	1274.20578
1102.0	1165.14373
1103.0	1283.46486
1104.0	1222.33074
1105.0	1223.05357
1106.0	1076.28634
1107.0	1264.10531
1108.0	1200.04954
1109.0	1181.36066
1110.0	1299.10067
1111.0	1192.3846
1112.0	1209.50608
1113.0	1287.96038
1114.0	1163.7161
1115.0	1121.25923
1116.0	1286.09705
1117.0	1295.99057
1118.0	1271.62009
1119.0	1227.47772
1120.0	1216.87838
1121.0	1217.61631
1122.0	1303.83473
1123.0	1259.06662
1124.0	1194.0636
1125.0	1242.67771
1126.0	1242.99961
1127.0	1320.68994
1128.0	1282.57667
1129.0	1223.4878
1130.0	1228.80676
1131.0	1213.82986
1132.0	1218.70537
1133.0	1240.3151
1134.0	1182.66943
1135.0	1159.45802
1136.0	1303.41311
1137.0	1216.28743
1138.0	1202.03647
1139.0	1125.0808
1140.0	1249.89891
1141.0	1178.92901
1142.0	1244.37574
1143.0	1280.86532
1144.0	1105.3781
1145.0	1301.94001
1146.0	1272.40612
1147.0	1230.97086
1148.0	1325.28147
1149.0	1128.73747
1150.0	1132.87077
1151.0	1238.09155
1152.0	1181.14325
1153.0	1240.905
1154.0	1141.33594
1155.0	1306.72469
1156.0	1251.96197
1157.0	1266.89485
1158.0	1208.30748
1159.0	1184.0515
1160.0	1139.5044
1161.0	1259.87447
1162.0	1218.51783
1163.0	1124.0155
1164.0	1195.09067
1165.0	1138.13313
1166.0	1171.36614
1167.0	1165.27307
1168.0	1174.92405
1169.0	1109.55263
1170.0	1143.75263
1171.0	1121.01964
1172.0	1088.25738
1173.0	1172.60082
1174.0	1239.84229
1175.0	1125.24148
1176.0	1095.6122
1177.0	1113.97268
1178.0	1136.94076
1179.0	1199.2128
1180.0	1154.44254
1181.0	1109.80488
1182.0	1221.08689
1183.0	1089.9737
1184.0	1141.34835
1185.0	1092.81946
1186.0	1120.24657
1187.0	1144.00192
1188.0	1166.43246
1189.0	1055.20332
1190.0	1109.35869
1191.0	1163.36048
1192.0	1024.26976
1193.0	1108.4168
1194.0	1037.62442
1195.0	1116.18654
1196.0	1094.72433
1197.0	1076.01924
1198.0	1074.30196
1199.0	996.357041
1200.0	1002.42098
1201.0	997.710826
1202.0	956.706946
1203.0	953.154278
1204.0	1079.00281
1205.0	992.44258
1206.0	1008.33225
1207.0	992.857441
1208.0	954.276019
1209.0	948.965964
1210.0	1046.02109
1211.0	911.729332
1212.0	1041.99296
1213.0	978.822959
1214.0	883.877755
1215.0	1026.37245
1216.0	1037.16016
1217.0	976.691163
1218.0	942.704954
1219.0	1107.50644
1220.0	914.740091
1221.0	930.047371
1222.0	930.30698
1223.0	950.595962
1224.0	955.085603
1225.0	946.286151
1226.0	931.963741
1227.0	935.65131
1228.0	886.212277
1229.0	828.606177
1230.0	966.899
1231.0	872.721582
1232.0	908.214688
1233.0	885.707066
1234.0	900.751363
1235.0	891.009474
1236.0	880.157728
1237.0	894.942076
1238.0	849.857126
1239.0	876.010916
1240.0	963.325503
1241.0	889.492457
1242.0	919.197329
1243.0	903.613366
1244.0	821.55799
1245.0	864.862184
1246.0	861.917818
1247.0	819.85319
1248.0	893.349009
1249.0	919.368227
1250.0	850.319182
1251.0	821.101977
1252.0	785.123694
1253.0	776.259911
1254.0	899.547138
1255.0	779.088988
1256.0	792.331307
1257.0	815.735275
1258.0	765.967117
1259.0	859.896987
1260.0	789.892814
1261.0	797.396027
1262.0	813.53337
1263.0	785.8798
1264.0	761.232052
1265.0	786.30741
1266.0	713.997988
1267.0	722.98415
1268.0	800.562395
1269.0	821.941426
1270.0	784.700945
1271.0	778.431401
1272.0	788.386
1273.0	769.218078
1274.0	737.588356
1275.0	742.005455
1276.0	785.59723
1277.0	801.870356
1278.0	749.409034
1279.0	711.689742
1280.0	735.654071
1281.0	743.753176
1282.0	728.776309
1283.0	754.164394
1284.0	745.858389
1285.0	720.701261
1286.0	788.051864
1287.0	699.7581
1288.0	717.595552
1289.0	768.082665
1290.0	823.700689
1291.0	681.924634
1292.0	833.083037
1293.0	779.075661
1294.0	736.0484
1295.0	729.895909
1296.0	759.542657
1297.0	681.706127
1298.0	750.695487
1299.0	745.812791
1300.0	767.538317
1301.0	730.351222
1302.0	747.956356
1303.0	706.413321
1304.0	708.996341
1305.0	774.685024
1306.0	743.538762
1307.0	649.43723
1308.0	657.665368
1309.0	709.412246
1310.0	747.684482
1311.0	763.26156
1312.0	694.674893
1313.0	730.812404
1314.0	722.426228
1315.0	741.765203
1316.0	759.74093
1317.0	743.190026
1318.0	674.398669
1319.0	671.856085
1320.0	723.571258
1321.0	743.362271
1322.0	751.225145
1323.0	668.577965
1324.0	708.958334
1325.0	702.750755
1326.0	697.048865
1327.0	779.012307
1328.0	733.61117
1329.0	736.485905
1330.0	729.966184
1331.0	739.838185
1332.0	689.84018
1333.0	734.959292
1334.0	822.338717
1335.0	691.621258
1336.0	747.918243
1337.0	790.058938
1338.0	737.434227
1339.0	788.764707
1340.0	737.448423
1341.0	774.881348
1342.0	699.642032
1343.0	716.186631
1344.0	731.700379
1345.0	781.978243
1346.0	741.710861
1347.0	712.866557
1348.0	770.95359
1349.0	731.209295
1350.0	759.874368
1351.0	790.229573
1352.0	721.258561
1353.0	760.334081
1354.0	756.807509
1355.0	781.722013
1356.0	832.232643
1357.0	678.736866
1358.0	792.406618
1359.0	774.684247
1360.0	759.125231
1361.0	785.462475
1362.0	778.510061
1363.0	837.546607
1364.0	806.859476
1365.0	737.921338
1366.0	760.956198
1367.0	793.693789
1368.0	733.303249
1369.0	791.142094
1370.0	785.864511
1371.0	770.662711
1372.0	756.878861
1373.0	883.608824
1374.0	797.714627
1375.0	720.897546
1376.0	763.823608
1377.0	732.638174
1378.0	825.894155
1379.0	774.18171
1380.0	739.967956
1381.0	735.4243
1382.0	762.616765
1383.0	801.148281
1384.0	712.21261
1385.0	812.499085
1386.0	807.762232
1387.0	731.359476
1388.0	803.415578
1389.0	802.899153
1390.0	825.987376
1391.0	798.387061
1392.0	855.247062
1393.0	857.679157
1394.0	781.309896
1395.0	801.768287
1396.0	755.651227
1397.0	842.584114
1398.0	879.162708
1399.0	870.583946
1400.0	835.599539
1401.0	845.197766
1402.0	811.782137
1403.0	839.894307
1404.0	791.520037
1405.0	766.049396
1406.0	818.990191
1407.0	848.279553
1408.0	802.347833
1409.0	858.639034
1410.0	852.002971
1411.0	765.472876
1412.0	897.581073
1413.0	792.224194
1414.0	817.415485
1415.0	803.554529
1416.0	780.709602
1417.0	860.096229
1418.0	825.323439
1419.0	834.755686
1420.0	790.698771
1421.0	814.973075
1422.0	841.338619
1423.0	802.949473
1424.0	811.249177
1425.0	792.911989
1426.0	788.237966
1427.0	814.340476
1428.0	761.754118
1429.0	838.780174
1430.0	732.166553
1431.0	829.803852
1432.0	741.159783
1433.0	839.345778
1434.0	772.558895
1435.0	763.293638
1436.0	848.22707
1437.0	780.208444
1438.0	863.896104
1439.0	811.995881
1440.0	813.942769
1441.0	825.882525
1442.0	696.415982
1443.0	747.042469
1444.0	863.596664
1445.0	816.101102
1446.0	785.461156
1447.0	844.297345
1448.0	824.352025
1449.0	794.115746
1450.0	786.407464
1451.0	763.645942
1452.0	756.396559
1453.0	745.5117
1454.0	739.697653
1455.0	819.117026
1456.0	822.527016
1457.0	760.435601
1458.0	773.350503
1459.0	792.935346
1460.0	779.718861
1461.0	792.422821
1462.0	740.439492
1463.0	746.162597
1464.0	725.433198
1465.0	753.931969
1466.0	767.726726
1467.0	759.638186
1468.0	720.818029
1469.0	772.531499
1470.0	751.686937
1471.0	823.050835
1472.0	748.091803
1473.0	758.769573
1474.0	709.392401
1475.0	736.882728
1476.0	729.17522
1477.0	757.330735
1478.0	742.159571
1479.0	687.107447
1480.0	688.865785
1481.0	757.162198
1482.0	788.535883
1483.0	723.238431
1484.0	745.951437
1485.0	757.912666
1486.0	745.293701
1487.0	708.846471
1488.0	797.817627
1489.0	773.276935
1490.0	750.946924
1491.0	663.698475
1492.0	738.89201
1493.0	687.24557
1494.0	686.489614
1495.0	740.13224
1496.0	653.653788
1497.0	695.851651
1498.0	671.332625
1499.0	647.287656
1500.0	740.78551
1501.0	720.698117
1502.0	721.832201
1503.0	720.737599
1504.0	661.457756
1505.0	691.038163
1506.0	698.629483
1507.0	683.984367
1508.0	675.808655
1509.0	719.687744
1510.0	627.14491
1511.0	598.585272
1512.0	698.545611
1513.0	690.784872
1514.0	661.617766
1515.0	613.206469
1516.0	624.786415
1517.0	603.296436
1518.0	646.088853
1519.0	655.983244
1520.0	603.181332
1521.0	630.907838
1522.0	601.386293
1523.0	557.565458
1524.0	570.69004
1525.0	595.411501
1526.0	617.386264
1527.0	563.041301
1528.0	642.511998
1529.0	609.973705
1530.0	564.615063
1531.0	574.046779
1532.0	641.832239
1533.0	587.081844
1534.0	548.332734
1535.0	594.677531
1536.0	543.380751
1537.0	553.914371
1538.0	562.982195
1539.0	585.789049
1540.0	577.854016
1541.0	517.584689
1542.0	615.58423
1543.0	579.366706
1544.0	563.620326
1545.0	547.30389
1546.0	534.607245
1547.0	520.927458
1548.0	496.570482
1549.0	597.795846
1550.0	536.899939
1551.0	557.791822
1552.0	509.42117
1553.0	473.327106
1554.0	523.222946
1555.0	491.699586
1556.0	513.274309
1557.0	529.447957
1558.0	518.407573
1559.0	575.666498
1560.0	494.410732
1561.0	534.402006
1562.0	477.826168
1563.0	540.143861
1564.0	491.057226
1565.0	451.498086
1566.0	519.489832
1567.0	483.49124
1568.0	474.061646
1569.0	488.694149
1570.0	507.816952
1571.0	467.769367
1572.0	434.609037
1573.0	496.19778
1574.0	483.558504
1575.0	446.822702
1576.0	450.440066
1577.0	512.527539
1578.0	447.768546
1579.0	479.695342
1580.0	460.546756
1581.0	482.607251
1582.0	460.743649
1583.0	454.585745
1584.0	468.946801
1585.0	440.826662
1586.0	460.420173
1587.0	508.991446
1588.0	465.224219
1589.0	411.561094
1590.0	374.749577
1591.0	468.070294
1592.0	455.717446
1593.0	430.958947
1594.0	422.219997
1595.0	444.596117
1596.0	447.55511
1597.0	454.051497
1598.0	434.742315
1599.0	432.075128
1600.0	407.618206
1601.0	421.212346
1602.0	403.087933
1603.0	371.236368
1604.0	425.303428
1605.0	489.315553
1606.0	470.205233
1607.0	388.818613
1608.0	384.297724
1609.0	437.756685
1610.0	362.878171
1611.0	396.673804
1612.0	447.428651
1613.0	400.428246
1614.0	394.142371
1615.0	426.749932
1616.0	398.11513
1617.0	401.865879
1618.0	392.007389
1619.0	401.262037
1620.0	419.43509
1621.0	424.018643
1622.0	379.556106
1623.0	399.387919
1624.0	387.82275
1625.0	397.005742
1626.0	407.199909
1627.0	424.655269
1628.0	417.02078
1629.0	391.302518
1630.0	376.199212
1631.0	375.828267
1632.0	406.063236
1633.0	412.479199
1634.0	409.853783
1635.0	365.73932
1636.0	365.126945
1637.0	418.220866
1638.0	431.123207
1639.0	400.254624
1640.0	422.588033
1641.0	413.471124
1642.0	340.969082
1643.0	367.981945
1644.0	427.659749
1645.0	356.180924
1646.0	385.996844
1647.0	366.044539
1648.0	395.65448
1649.0	370.508085
1650.0	414.485949
1651.0	451.36582
1652.0	369.246758
1653.0	377.803638
1654.0	374.703796
1655.0	404.459378
1656.0	369.485545
1657.0	393.351287
1658.0	397.612235
1659.0	391.96684
1660.0	426.548354
1661.0	418.223008
1662.0	347.431509
1663.0	406.005882
1664.0	357.760202
1665.0	401.985898
1666.0	439.398925
1667.0	385.793385
1668.0	368.946045
1669.0	393.057377
1670.0	387.725962
1671.0	390.478864
1672.0	379.865722
1673.0	359.969312
1674.0	433.114061
1675.0	356.965183
1676.0	396.052211
1677.0	389.808391
1678.0	408.769901
1679.0	356.401492
1680.0	404.199608
1681.0	392.630333
1682.0	337.767719
1683.0	405.528051
1684.0	383.588164
1685.0	403.536442
1686.0	356.758408
1687.0	399.356558
1688.0	362.124395
1689.0	380.802281
1690.0	376.24306
1691.0	365.482444
1692.0	394.810114
1693.0	390.259605
1694.0	405.337818
1695.0	400.871914
1696.0	380.947037
1697.0	399.245183
1698.0	414.420179
1699.0	343.914954
1700.0	387.146523
1701.0	437.65017
1702.0	437.761019
1703.0	394.943816
1704.0	405.858751
1705.0	426.582507
1706.0	429.199566
1707.0	386.135363
1708.0	363.410601
1709.0	420.990895
1710.0	396.599093
1711.0	405.957927
1712.0	362.090651
1713.0	406.591629
1714.0	410.956355
1715.0	381.455915
1716.0	348.932061
1717.0	422.219178
1718.0	402.152414
1719.0	375.86371
1720.0	396.725789
1721.0	373.076951
1722.0	420.447811
1723.0	414.440049
1724.0	364.683659
1725.0	387.035775
1726.0	450.015937
1727.0	357.862004
1728.0	399.123165
1729.0	365.242681
1730.0	389.3284
1731.0	429.069347
1732.0	423.73598
1733.0	382.415247
1734.0	415.940786
1735.0	421.48125
1736.0	433.45446
1737.0	404.465465
1738.0	381.604865
1739.0	408.204405
1740.0	400.716351
1741.0	473.883196
1742.0	382.581039
1743.0	380.963181
1744.0	351.539491
1745.0	391.238255
1746.0	341.165174
1747.0	406.804942
1748.0	425.983949
1749.0	349.990042
1750.0	392.880722
1751.0	366.76987
1752.0	351.220836
1753.0	369.336977
1754.0	350.618734
1755.0	364.096719
1756.0	411.853384
1757.0	382.75118
1758.0	391.529509
1759.0	400.529732
1760.0	378.369149
1761.0	388.988891
1762.0	322.919117
1763.0	404.752935
1764.0	401.920051
1765.0	381.05768
1766.0	378.700576
1767.0	383.276782
1768.0	390.610312
1769.0	372.465157
1770.0	380.861766
1771.0	373.503657
1772.0	419.92888
1773.0	354.022111
1774.0	313.775802
1775.0	381.323469
1776.0	386.204396
1777.0	372.675556
1778.0	358.967879
1779.0	393.398181
1780.0	403.895461
1781.0	364.034017
1782.0	336.785507
1783.0	340.112745
1784.0	403.08001
1785.0	421.245971
1786.0	382.814127
1787.0	371.248764
1788.0	358.805037
1789.0	414.8723
1790.0	376.920214
1791.0	375.370592
1792.0	341.694956
1793.0	370.957333
1794.0	386.136189
1795.0	375.161307
1796.0	390.080002
1797.0	364.893788
1798.0	347.594236
1799.0	400.575737
1800.0	354.846092
1801.0	335.057706
1802.0	359.457541
1803.0	329.359635
1804.0	341.849799
1805.0	349.232122
1806.0	347.430475
1807.0	341.449405
1808.0	338.54436
1809.0	349.9147
1810.0	377.693918
1811.0	301.492129
1812.0	402.270808
1813.0	357.271732
1814.0	298.696499
1815.0	347.694333
1816.0	358.662485
1817.0	324.308646
1818.0	347.351697
1819.0	301.99613
1820.0	340.809594
1821.0	344.795076
1822.0	305.443381
1823.0	319.731768
1824.0	357.245991
1825.0	390.479636
1826.0	331.288084
1827.0	296.880547
1828.0	337.884158
1829.0	314.350921
1830.0	312.052255
1831.0	282.615539
1832.0	295.686237
1833.0	316.880457
1834.0	308.815745
1835.0	340.921748
1836.0	338.362983
1837.0	299.802924
1838.0	266.819463
1839.0	352.300443
1840.0	285.85615
1841.0	371.642663
1842.0	308.579709
1843.0	277.969825
1844.0	315.124146
1845.0	309.10638
1846.0	275.313057
1847.0	294.081201
1848.0	298.899475
1849.0	309.189071
1850.0	327.166703
1851.0	281.975356
1852.0	357.744552
1853.0	329.648055
1854.0	326.494586
1855.0	307.714993
1856.0	251.715934
1857.0	300.272455
1858.0	267.198941
1859.0	315.617879
1860.0	305.692594
1861.0	312.981688
1862.0	296.051082
1863.0	229.813073
1864.0	280.402813
1865.0	279.139234
1866.0	277.498158
1867.0	283.724568
1868.0	280.114761
1869.0	242.061704
1870.0	287.896913
1871.0	273.790342
1872.0	275.166823
1873.0	267.454117
1874.0	292.345315
1875.0	254.211074
1876.0	274.231106
1877.0	274.141796
1878.0	299.847635
1879.0	244.33867
1880.0	308.781537
1881.0	308.024671
1882.0	274.009189
1883.0	279.648581
1884.0	274.362541
1885.0	219.774192
1886.0	256.400748
1887.0	232.544137
1888.0	262.031288
1889.0	268.780545
1890.0	264.01472
1891.0	201.066806
1892.0	293.024316
1893.0	272.316204
1894.0	235.901015
1895.0	253.809898
1896.0	254.065142
1897.0	201.325678
1898.0	240.866849
1899.0	253.93618
1900.0	266.35103
1901.0	258.244111
1902.0	313.968497
1903.0	202.992338
1904.0	212.638679
1905.0	265.160418
1906.0	196.289015
1907.0	249.541091
1908.0	273.480883
1909.0	246.953067
1910.0	275.434098
1911.0	265.282805
1912.0	260.210474
1913.0	209.65502
1914.0	285.212959
1915.0	274.130192
1916.0	256.1215
1917.0	252.75086
1918.0	230.109916
1919.0	230.089111
1920.0	256.305426
1921.0	305.482098
1922.0	273.214439
1923.0	232.06835
1924.0	264.055823
1925.0	207.100883
1926.0	240.731564
1927.0	300.233371
1928.0	281.316081
1929.0	265.582094
1930.0	253.18824
1931.0	289.222349
1932.0	218.352469
1933.0	143.476967
1934.0	231.898841
1935.0	194.889426
1936.0	281.520327
1937.0	272.856269
1938.0	247.082742
1939.0	248.624995
1940.0	267.522578
1941.0	275.268848
1942.0	244.830165
1943.0	208.21695
1944.0	291.33119
1945.0	210.051645
1946.0	163.568879
1947.0	251.626127
1948.0	209.791109
1949.0	197.538947
1950.0	242.93175
1951.0	218.266867
1952.0	226.934862
1953.0	249.388016
1954.0	235.529421
1955.0	261.229264
1956.0	205.546033
1957.0	273.064542
1958.0	182.572653
1959.0	269.59474
1960.0	177.783761
1961.0	265.4225
1962.0	277.327542
1963.0	241.745911
1964.0	244.373279
1965.0	292.599538
1966.0	165.565584
1967.0	174.333768
1968.0	272.289237
1969.0	239.458637
1970.0	193.883866
1971.0	249.771627
1972.0	272.362516
1973.0	176.742152
1974.0	218.834892
1975.0	239.716769
1976.0	242.153538
1977.0	247.893099
1978.0	208.794009
1979.0	190.878938
1980.0	289.00656
1981.0	243.804406
1982.0	170.635385
1983.0	179.98956
1984.0	237.320503
1985.0	249.395513
1986.0	178.13327
1987.0	194.476849
1988.0	278.79184
1989.0	295.562897
1990.0	149.016508
1991.0	239.168783
1992.0	185.043934
1993.0	174.708743
1994.0	235.267045
1995.0	285.935473
1996.0	227.476506
1997.0	304.441995
1998.0	263.870323
1999.0	230.06563
2000.0	298.967996
2001.0	281.108045
2002.0	253.521397
2003.0	218.958049
2004.0	266.846724
2005.0	203.563673
2006.0	219.272829
2007.0	236.313724
2008.0	207.332829
2009.0	241.375434
2010.0	193.019602
2011.0	156.936753
2012.0	236.432263
2013.0	247.009551
2014.0	190.283177
2015.0	213.442522
2016.0	239.656667
2017.0	211.7069
2018.0	293.129183
2019.0	286.255373
2020.0	218.7781
2021.0	195.118921
2022.0	188.752635
2023.0	275.177462
2024.0	172.055491
2025.0	218.535467
2026.0	234.597093
2027.0	277.290723
2028.0	229.220117
2029.0	272.239577
2030.0	223.351951
2031.0	228.479259
2032.0	234.468508
2033.0	220.237536
2034.0	231.147735
2035.0	332.404436
2036.0	254.474079
2037.0	203.06487
2038.0	265.054841
2039.0	209.646447
2040.0	183.461509
2041.0	218.249412
2042.0	193.723968
2043.0	239.565568
2044.0	255.98166
2045.0	199.850489
2046.0	251.138335
2047.0	234.002462
2048.0	237.767543
2049.0	225.835743
2050.0	233.566687
2051.0	200.534731
2052.0	212.593522
2053.0	199.620147
2054.0	229.382296
2055.0	183.008828
2056.0	205.359728
2057.0	256.271541
2058.0	198.273439
2059.0	196.691262
2060.0	216.144464
2061.0	252.636284
2062.0	260.085409
2063.0	249.800971
2064.0	179.440592
2065.0	201.167562
2066.0	156.890783
2067.0	234.350342
2068.0	258.730699
2069.0	225.326697
2070.0	263.641825
2071.0	259.196633
2072.0	119.10075
2073.0	233.277551
2074.0	234.537458
2075.0	153.853425
2076.0	222.989004
2077.0	232.851306
2078.0	168.654595
2079.0	136.386158
2080.0	254.891089
2081.0	152.485015
2082.0	198.119829
2083.0	229.813326
2084.0	234.178496
2085.0	198.44612
2086.0	191.354479
2087.0	204.176203
2088.0	233.577154
2089.0	271.407573
2090.0	223.89124
2091.0	220.98749
2092.0	235.95791
2093.0	124.528827
2094.0	216.493773
2095.0	254.26367
2096.0	224.282222
2097.0	251.983044
2098.0	219.741952
2099.0	262.179097
2100.0	206.981656
2101.0	170.045207
2102.0	134.849373
2103.0	227.408398
2104.0	261.518949
2105.0	139.149685
2106.0	193.242848
2107.0	182.582972
2108.0	104.6408
2109.0	175.045884
2110.0	146.718189
2111.0	190.108225
2112.0	155.767718
2113.0	255.86898
2114.0	173.79401
2115.0	203.194653
2116.0	207.494211
2117.0	255.04912
2118.0	134.218536
2119.0	248.668764
2120.0	231.328942
2121.0	180.914986
2122.0	191.586262
2123.0	198.337137
2124.0	218.004635
2125.0	247.211218
2126.0	233.082806
2127.0	146.108481
2128.0	199.434902
2129.0	288.847355
2130.0	151.179397
2131.0	188.552647
2132.0	135.712168
2133.0	204.114224
2134.0	151.962259
2135.0	160.886407
2136.0	135.075189
2137.0	183.161819
2138.0	257.833025
2139.0	84.677495
2140.0	246.427378
2141.0	175.309122
2142.0	122.229675
2143.0	277.854377
2144.0	249.141174
2145.0	200.275931
2146.0	230.998526
2147.0	216.061346
2148.0	191.084118
2149.0	199.17456
2150.0	178.177656
2151.0	122.683786
2152.0	116.978493
2153.0	148.31541
2154.0	189.027795
2155.0	140.934848
2156.0	222.07197
2157.0	186.112015
2158.0	116.145614
2159.0	110.52272
2160.0	155.898221
2161.0	162.20326
2162.0	154.517697
2163.0	181.642121
2164.0	256.397658
2165.0	123.670926
2166.0	109.112066
2167.0	291.077283
2168.0	158.668834
2169.0	148.203343
2170.0	182.954864
2171.0	91.4470293
2172.0	133.251078
2173.0	241.802396
2174.0	182.668741
2175.0	119.314904
2176.0	93.7628195
2177.0	113.71504
2178.0	236.649857
2179.0	183.399561
2180.0	116.07991
2181.0	224.260468
2182.0	121.71345
2183.0	56.0661341
2184.0	88.9228264
2185.0	147.807781
2186.0	164.316939
2187.0	162.048631
2188.0	100.959556
2189.0	64.0614981
2190.0	184.897958
2191.0	45.1797
2192.0	54.3743602
2193.0	155.790594
2194.0	150.036099
2195.0	179.551795
2196.0	145.748112
2197.0	99.5148269
2198.0	138.514695
2199.0	155.899391
2200.0	190.212746
2201.0	79.191648
2202.0	155.968889
2203.0	203.939218
2204.0	14.752069
2205.0	138.197041
2206.0	218.751788
2207.0	250.910589
2208.0	107.084646
2209.0	199.766147
2210.0	85.0241594
2211.0	149.010372
2212.0	105.575526
2213.0	103.6011
2214.0	165.212656
2215.0	135.808226
2216.0	129.873092
2217.0	150.490375
2218.0	159.691296
2219.0	107.371868
2220.0	152.634611
2221.0	170.922994
2222.0	142.832723
2223.0	105.64272
2224.0	129.734579
2225.0	42.9227403
2226.0	108.754822
2227.0	211.674295
2228.0	141.852373
2229.0	147.783255
2230.0	51.0191271
2231.0	68.0259588
2232.0	130.087678
2233.0	92.9450668
2234.0	210.357428
2235.0	130.936733
2236.0	42.5560149
2237.0	152.565716
2238.0	123.127743
2239.0	122.635247
2240.0	119.376899
2241.0	104.795778
2242.0	154.582988
2243.0	124.128641
2244.0	141.74266
2245.0	140.197241
2246.0	22.6361841
2247.0	102.362765
2248.0	110.737922
2249.0	144.039746
2250.0	220.706707
2251.0	104.200147
2252.0	78.6587479
2253.0	178.676063
2254.0	94.7123621
2255.0	150.916477
2256.0	171.433623
2257.0	191.352694
2258.0	37.0670205
2259.0	81.1777679
2260.0	130.834593
2261.0	165.158015
2262.0	29.794479
2263.0	222.633215
2264.0	146.424136
2265.0	44.1131127
2266.0	75.0934713
2267.0	61.3805301
2268.0	49.3898869
2269.0	148.7758
2270.0	151.13911
2271.0	84.8773787
2272.0	142.30464
2273.0	140.985966
2274.0	59.2804478
2275.0	212.556181
2276.0	78.7096605
2277.0	42.4196578
2278.0	166.076336
2279.0	23.6537129
2280.0	155.710515
2281.0	139.102333
2282.0	225.559706
2283.0	73.0667906
2284.0	37.9222337
2285.0	183.258581
2286.0	82.4908966
2287.0	95.0660398
2288.0	99.3150683
2289.0	85.1074182
2290.0	77.82507
2291.0	165.682212
2292.0	114.65195
2293.0	134.855682
2294.0	140.3969
2295.0	116.790197
2296.0	122.278056
2297.0	73.0262328
2298.0	122.220253
2299.0	148.346446
2300.0	109.949191
2301.0	218.636454
2303.0	138.550609
2304.0	204.79563
2306.0	153.148633
2307.0	166.290869
2308.0	113.320737
2309.0	85.7925713
2310.0	100.590496
2311.0	12.3763632
2312.0	76.546637
2313.0	147.575304
2314.0	103.103972
2315.0	94.1971064
2316.0	53.5622248
2317.0	77.3738448
2318.0	264.364442
2319.0	117.64419
2320.0	92.0237043
2321.0	90.7722205
2322.0	149.432067
2323.0	120.447374
2324.0	44.9868547
2325.0	81.9480075
2326.0	141.549681
2327.0	49.6281602
2328.0	144.560615
2329.0	109.031532
2330.0	241.994102
2331.0	161.779627
2332.0	32.5388522
2333.0	110.042777
2334.0	128.303076
2335.0	186.532051
2336.0	53.2196178
2337.0	135.159716
2338.0	126.588467
2339.0	235.865207
2341.0	139.617371
2342.0	89.1061089
2343.0	113.723739
2344.0	156.863035
2345.0	57.9089932
2346.0	155.074452
2347.0	212.67883
2348.0	113.495943
2349.0	98.1698031
2350.0	136.119686
2351.0	96.2824634
2352.0	92.6901663
2353.0	144.197394
2354.0	171.545081
2355.0	158.163647
2356.0	81.7342598
2357.0	234.885266
2358.0	95.9769422
2359.0	51.3401549
2361.0	251.503868
2362.0	91.3220781
2363.0	145.6442
2364.0	166.986999
2365.0	38.5277971
2366.0	15.3387872
2367.0	13.3838382
2368.0	114.494973
2369.0	101.377765
2370.0	119.829508
2371.0	161.235416
2373.0	223.372007
2374.0	178.876243
2375.0	18.8335433
2376.0	64.9136274
2377.0	353.875818
2378.0	152.801444
2379.0	45.8357096
2380.0	201.867535
2381.0	189.900652
2382.0	194.562898
2383.0	149.36196
2384.0	275.167445
2385.0	169.138799
2387.0	119.39369
2388.0	146.766171
2389.0	72.6761354
2390.0	95.2885364
2393.0	130.41389
2394.0	121.686505
2395.0	35.7494079
2396.0	110.552878
2397.0	168.341068
2398.0	243.632082
2399.0	37.3702174
2400.0	42.1164826
2401.0	134.361903
2402.0	167.747827
2403.0	94.3656696
2404.0	129.411137
2405.0	110.060537
2406.0	124.813759
2407.0	162.740699
2408.0	215.353157
2409.0	22.0767562
2410.0	141.471612
2411.0	109.319021
2412.0	145.84526
2413.0	16.6021543
2414.0	53.6486335
2415.0	23.2059975
2416.0	167.021825
2417.0	203.755371
2419.0	3.78286404
2420.0	224.938733
2423.0	215.509455
2424.0	209.487499
2428.0	35.9023642
2429.0	89.9624512
2430.0	32.276416
2431.0	418.064981
2432.0	78.4627688
2435.0	98.5288054
2436.0	359.491016
2439.0	271.051216
2440.0	213.520044
2441.0	5.48460421
2442.0	145.695028
2443.0	68.0490333
2444.0	7.75513002
2445.0	211.194536
2447.0	204.285125
2448.0	140.440156
2449.0	186.963841
2450.0	233.232755
2451.0	187.785043
2452.0	102.202686
2453.0	102.725735
2455.0	63.4878658
2457.0	21.9469741
2458.0	257.640213
2459.0	142.581638
2460.0	154.401629
2462.0	59.5378103
2463.0	57.8572388
2464.0	54.7899565
2465.0	97.9824822
2466.0	127.643466
2468.0	40.4691733
2469.0	178.631158
2470.0	189.656267
2471.0	95.0680057
2472.0	56.0506533
2473.0	2.46181346
2475.0	6.77248571
2476.0	131.465993
2478.0	96.0577482
2480.0	175.163566
2481.0	124.457828
2482.0	10.558527
2483.0	316.435605
2484.0	44.1626829
2485.0	169.430602
2486.0	38.2330285
2487.0	32.8817327
2488.0	81.9460171
2489.0	209.172499
2491.0	47.0755108
2492.0	45.0899332
2493.0	48.6735848
2494.0	164.784086
2495.0	74.0866246
2498.0	163.843904
2500.0	329.17899
2502.0	185.204371
2503.0	236.009592
2504.0	212.915616
2505.0	54.752355
2508.0	51.6327312
